0.0986767054529 0.214275610313 0.271220625143 0.0654391968971 0.309685147159 0.089228838695 0.114560803103 0.102438968743 0.0768469085102 0.228633356149 0.0547638603696 0.537462924937 0.087234770705 0.0458955053616 0.0347661419119 0.248368697239 0.13899840292 0.177182295232 1.65752224504 0.0740428929957 0.800180241843 0.113691535478 0.0869952087611 0.0874172940908 0.569119324663 0.275849874515 0.804982888433 0.130866986083 0.103773671002 0.107542778919 0.067864476386 0.0493885466575 0.0965639972621 0.0500661647274 0.110431211499 0.100369609856 0.138626511522 0.0137189139859 0.082051106548 0.0666712297513 0.0453342459503 0.138786219484 0.0468240930869 0.0824686287931 0.314161533196 0.186415697011 0.00556924480949 0.0323157654574 0.0387405886379 0.138534109058 0.0171982660278 0.265019164956 0.0672940908054 0.0423871777321 3.41976340406 32.0880675337 186.015058179 0.373260323979	
0.19 0.0 0.38 0.0 0.0 0.19 0.0 0.0 0.0 0.0 0.19 0.19 0.0 0.0 0.0 0.38 0.0 0.19 1.14 0.0 0.38 0.0 0.0 0.0 0.0 0.0 0.0 0.0 0.0 0.0 0.0 0.0 0.0 0.0 0.0 0.0 0.0 0.0 0.0 0.0 0.0 0.0 0.0 0.0 0.0 0.0 0.0 0.0 0.01 0.01 0.0 0.0 0.0 0.003 2.383 21.0 15841.0 1.0	
0.0 0.0 0.0 0.04 0.0 0.0 0.0 0.0 0.0 0.0 0.0 0.0 0.0 0.0 0.0 0.02 0.0 0.0 0.02 0.0 0.0 0.0 0.0 0.0 0.0 0.0 0.0 0.0 0.0 0.0 0.0 0.0 0.0 0.0 0.0 0.0 0.0 0.0 0.0 0.0 0.0 0.0 0.0 0.0 0.0 0.0 0.0 0.0 1.024 9.752 0.003 1.542 1.785 1.998 239.571 9989.0 10062.0 1.0	
0.0966666666667 0.0133333333333 0.2 0.0 0.153333333333 0.133333333333 0.0 0.0966666666667 0.0966666666667 0.313333333333 0.06 0.0733333333333 0.12 0.0 0.0633333333333 0.0133333333333 0.13 0.0633333333333 0.626666666667 0.0133333333333 0.276666666667 3.17666666667 0.23 0.183333333333 0.0 0.0 0.0 0.0 0.0 0.0 0.0 0.0 0.0 0.0466666666667 0.0 0.0133333333333 0.0 0.0 0.0266666666667 0.0 0.0 0.0 0.0 0.0 0.0633333333333 0.0 0.0 0.0 0.372333333333 0.095 0.014 0.14 0.03 0.00366666666667 15.1876666667 493.0 9113.66666667 1.0	
0.005 0.005 0.035 0.0 0.025 0.0 0.0 0.005 0.015 0.065 0.025 0.0 0.0 0.025 0.0 0.0 0.005 0.035 0.005 0.0 0.005 0.0 0.0 0.0 0.0 0.0 0.0 0.0 0.0 0.0 0.0 0.0 0.035 0.0 0.0 0.065 0.0 0.0 0.0 0.005 0.23 0.0 0.0 0.015 0.0 0.4 0.005 0.035 0.036 0.1615 0.075 0.012 0.056 0.012 3.0295 43.5 5648.5 0.0	
0.195 0.5 0.4 0.095 0.58 0.0 0.0 0.0 0.39 0.19 0.0 0.2 0.0 0.0 0.0 0.1 0.0 0.0 0.195 0.19 0.39 0.0 0.0 0.2 0.095 0.0 0.0 0.095 0.0 0.0 0.0 0.0 0.0 0.19 0.0 0.0 0.0 0.0 0.0 0.0 0.0 0.0 0.0 0.0 0.0 0.0 0.0 0.0 0.0 0.035 0.0 0.4155 0.7295 0.015 1062.0 2123.0 2124.0 1.0	
0.274941176471 0.180588235294 0.292235294118 0.0529411764706 0.139294117647 0.0918823529412 0.0294117647059 0.130588235294 0.266705882353 0.378352941176 0.154470588235 0.598941176471 0.309411764706 0.601176470588 0.0449411764706 0.192352941176 0.259294117647 0.112941176471 1.89858823529 0.0447058823529 0.868470588235 0.0798823529412 0.355294117647 0.276235294118 0.282235294118 0.0918823529412 0.00458823529412 0.002 0.00317647058824 0.00870588235294 0.00423529411765 0.0 0.258941176471 0.0 0.00447058823529 0.0435294117647 0.193176470588 0.004 0.00976470588235 0.0161176470588 0.0205882352941 0.00694117647059 0.00729411764706 0.0188235294118 0.0454117647059 0.0745882352941 0.00647058823529 0.0484705882353 0.0383411764706 0.107517647059 0.0128235294118 0.252176470588 0.317423529412 0.0846235294118 5.18171764706 163.752941176 2700.92941176 0.694117647059	
0.176842105263 0.192280701754 0.641140350877 0.0830701754386 0.562543859649 0.362105263158 0.182192982456 0.189824561404 0.434385964912 0.50850877193 0.171578947368 0.70350877193 0.161842105263 0.0917543859649 0.606842105263 0.332192982456 0.17798245614 0.543157894737 1.68175438596 0.569298245614 1.14377192982 0.377368421053 0.433157894737 0.185263157895 0.0845614035088 0.0365789473684 0.0152631578947 0.0040350877193 0.0 0.00982456140351 0.00105263157895 0.0 0.0178070175439 0.00114035087719 0.00473684210526 0.0384210526316 0.0535087719298 0.00236842105263 0.00929824561404 0.0314035087719 0.0 0.0 0.0548245614035 0.0113157894737 0.0377192982456 0.0278070175439 0.000526315789474 0.00701754385965 0.0178859649123 0.0981578947368 0.0126403508772 0.423622807018 0.162 0.0672543859649 51.6938947368 537.657894737 1416.19298246 0.885964912281	
0.455 0.2925 0.2925 0.0 0.1675 0.03 0.0075 0.26 0.4925 0.88 0.2375 0.47375 0.52625 0.75625 0.1 0.145 0.4575 0.17875 2.82625 0.01125 1.3525 0.0 0.645 0.57125 0.0 0.0 0.0 0.0 0.0 0.0 0.0 0.0 0.0 0.0 0.0075 0.04 0.0 0.0 0.02125 0.1375 0.0 0.0 0.0 0.0 0.07375 0.0 0.0 0.0 0.018875 0.077 0.0 0.44325 0.35325 0.087125 16.4925 956.0 2552.0 1.0	
0.25 0.125 0.21 0.0 0.105 0.115 0.01 0.175 0.175 0.41 0.105 0.48 0.25 0.46 0.01 0.165 0.21 0.01 1.625 0.0 0.745 0.0 0.47 0.23 0.0 0.0 0.0 0.0 0.0 0.0 0.0 0.0 0.0 0.0 0.0 0.0 0.0 0.0 0.0 0.01 0.0 0.0 0.0 0.0 0.01 0.0 0.01 0.0 0.005 0.5495 0.0 0.1625 1.067 0.067 7.136 361.5 3940.0 1.0	
438747790.028	
