0.0957963636364 0.215403636364 0.26224969697 0.0508096969697 0.310259393939 0.086256969697 0.116518787879 0.0989478787879 0.0586618181818 0.211757575758 0.0516121212121 0.531883636364 0.0833551515152 0.0412218181818 0.0268024242424 0.247900606061 0.139607272727 0.167362424242 1.66203151515 0.0654181818182 0.780404848485 0.0859612121212 0.0819757575758 0.0818448484848 0.578824242424 0.284276363636 0.853682424242 0.137716363636 0.109808484848 0.112901818182 0.0707175757576 0.0523709090909 0.0973575757576 0.0530448484848 0.11160969697 0.105124848485 0.139461818182 0.0142812121212 0.0859103030303 0.0686545454545 0.0477357575758 0.144778181818 0.0490109090909 0.0868921212121 0.331284848485 0.195966060606 0.00549090909091 0.0329406060606 0.0369069090909 0.13900630303 0.0161573333333 0.245332848485 0.0590516363636 0.040208 3.19056848485 26.2930909091 137.717333333 0.35296969697	
0.19 0.0 0.38 0.0 0.0 0.19 0.0 0.0 0.0 0.0 0.19 0.19 0.0 0.0 0.0 0.38 0.0 0.19 1.14 0.0 0.38 0.0 0.0 0.0 0.0 0.0 0.0 0.0 0.0 0.0 0.0 0.0 0.0 0.0 0.0 0.0 0.0 0.0 0.0 0.0 0.0 0.0 0.0 0.0 0.0 0.0 0.0 0.0 0.01 0.01 0.0 0.0 0.0 0.003 2.383 21.0 15841.0 1.0	
0.0 0.0 0.0 0.04 0.0 0.0 0.0 0.0 0.0 0.0 0.0 0.0 0.0 0.0 0.0 0.02 0.0 0.0 0.02 0.0 0.0 0.0 0.0 0.0 0.0 0.0 0.0 0.0 0.0 0.0 0.0 0.0 0.0 0.0 0.0 0.0 0.0 0.0 0.0 0.0 0.0 0.0 0.0 0.0 0.0 0.0 0.0 0.0 1.024 9.752 0.003 1.542 1.785 1.998 239.571 9989.0 10062.0 1.0	
0.0966666666667 0.0133333333333 0.2 0.0 0.153333333333 0.133333333333 0.0 0.0966666666667 0.0966666666667 0.313333333333 0.06 0.0733333333333 0.12 0.0 0.0633333333333 0.0133333333333 0.13 0.0633333333333 0.626666666667 0.0133333333333 0.276666666667 3.17666666667 0.23 0.183333333333 0.0 0.0 0.0 0.0 0.0 0.0 0.0 0.0 0.0 0.0466666666667 0.0 0.0133333333333 0.0 0.0 0.0266666666667 0.0 0.0 0.0 0.0 0.0 0.0633333333333 0.0 0.0 0.0 0.372333333333 0.095 0.014 0.14 0.03 0.00366666666667 15.1876666667 493.0 9113.66666667 1.0	
0.005 0.005 0.035 0.0 0.025 0.0 0.0 0.005 0.015 0.065 0.025 0.0 0.0 0.025 0.0 0.0 0.005 0.035 0.005 0.0 0.005 0.0 0.0 0.0 0.0 0.0 0.0 0.0 0.0 0.0 0.0 0.0 0.035 0.0 0.0 0.065 0.0 0.0 0.0 0.005 0.23 0.0 0.0 0.015 0.0 0.4 0.005 0.035 0.036 0.1615 0.075 0.012 0.056 0.012 3.0295 43.5 5648.5 0.0	
0.214 0.2 0.84 0.038 0.64 0.0 0.0 0.0 0.428 0.484 0.0 0.08 0.0 0.0 0.0 0.156 0.0 0.0 0.214 0.484 0.428 0.0 0.0 0.08 0.174 0.0 0.292 0.096 0.0 0.116 0.0 0.0 0.0 0.076 0.0 0.0 0.116 0.0 0.0 0.0 0.0 0.0 0.0 0.0 0.0 0.0 0.0 0.0 0.0 0.0176 0.0 0.5264 0.334 0.006 741.2 1678.8 1683.2 0.8	
0.269534883721 0.217441860465 0.315813953488 0.103255813953 0.15 0.0823255813953 0.0393023255814 0.116744186047 0.32023255814 0.436279069767 0.161860465116 0.575348837209 0.316046511628 0.626976744186 0.0195348837209 0.153023255814 0.252790697674 0.0641860465116 2.05651162791 0.00627906976744 0.94511627907 0.00674418604651 0.360697674419 0.275348837209 0.408139534884 0.103953488372 0.00302325581395 0.00139534883721 0.00186046511628 0.00767441860465 0.0 0.0 0.260697674419 0.0 0.00581395348837 0.0423255813953 0.232558139535 0.00302325581395 0.00767441860465 0.0113953488372 0.0193023255814 0.00604651162791 0.00837209302326 0.0153488372093 0.0506976744186 0.0753488372093 0.00395348837209 0.063023255814 0.0404418604651 0.110930232558 0.0101860465116 0.260372093023 0.395372093023 0.0794418604651 5.26886046512 128.11627907 2536.65116279 0.674418604651	
0.153155080214 0.193983957219 0.47243315508 0.231978609626 0.360935828877 0.203449197861 0.110695187166 0.167673796791 0.381417112299 0.480213903743 0.125106951872 0.648636363636 0.152727272727 0.112780748663 0.286951871658 0.27550802139 0.145374331551 0.393155080214 1.59644385027 0.314705882353 1.10414438503 0.508770053476 0.242834224599 0.17756684492 0.316069518717 0.11114973262 0.0191711229947 0.0154010695187 0.0053743315508 0.0171390374332 0.0166310160428 0.00117647058824 0.0700802139037 0.0020320855615 0.0649732620321 0.0303475935829 0.106978609626 0.00441176470588 0.0177272727273 0.0314438502674 0.00622994652406 0.0298395721925 0.024679144385 0.0124598930481 0.0396256684492 0.0377272727273 0.005 0.0185026737968 0.0546737967914 0.123526737968 0.0284839572193 0.521794117647 0.185465240642 0.0743235294118 15.9856256684 232.770053476 1106.28342246 0.74064171123	
0.34 0.263888888889 0.344444444444 0.0 0.55 0.101111111111 0.0716666666667 0.253888888889 0.441666666667 0.886111111111 0.216111111111 0.611111111111 0.416666666667 0.624444444444 0.365 0.349444444444 0.385555555556 0.285 2.66166666667 0.0683333333333 1.37722222222 0.0933333333333 0.619444444444 0.432777777778 0.0 0.0 0.0 0.0 0.0 0.0 0.0 0.0 0.0 0.0 0.00333333333333 0.0455555555556 0.00888888888889 0.0 0.00944444444444 0.131111111111 0.0 0.0 0.0155555555556 0.0 0.0472222222222 0.00777777777778 0.0 0.0 0.0118333333333 0.0702222222222 0.00166666666667 0.437666666667 0.405444444444 0.104888888889 20.5034444444 767.0 2314.44444444 1.0	
0.322068965517 0.132413793103 0.268965517241 0.0 0.0575862068966 0.116896551724 0.0155172413793 0.127586206897 0.19275862069 0.353103448276 0.147931034483 0.662413793103 0.336551724138 0.664482758621 0.0313793103448 0.180344827586 0.261379310345 0.146896551724 1.85896551724 0.0768965517241 0.855172413793 0.0441379310345 0.391379310345 0.314827586207 0.137586206897 0.0810344827586 0.00586206896552 0.00103448275862 0.00206896551724 0.00620689655172 0.0 0.0 0.284827586207 0.0 0.0 0.0237931034483 0.141034482759 0.00172413793103 0.00620689655172 0.0165517241379 0.0131034482759 0.00896551724138 0.00206896551724 0.0206896551724 0.0462068965517 0.0248275862069 0.0120689655172 0.0362068965517 0.0213103448276 0.123689655172 0.00486206896552 0.246689655172 0.272310344828 0.086724137931 5.21527586207 180.931034483 3375.4137931 0.827586206897	
194494814.406	
