0.0933705911575 0.216448087432 0.259041231992 0.0516840536513 0.30913065077 0.0847317436662 0.116905116741 0.0975807252856 0.052347242921 0.206381023348 0.0503402881272 0.528156979632 0.0829706905117 0.0391008445107 0.0247044212618 0.247714853453 0.135514157973 0.169590163934 1.66775956284 0.0627272727273 0.773286140089 0.0802757078987 0.0823646299056 0.0779334326875 0.574619970194 0.287506209637 0.874026328862 0.14084947839 0.112324888227 0.115141579732 0.072131147541 0.0535543964232 0.0970938897168 0.054217585693 0.113907103825 0.105809736711 0.140027322404 0.0141828117238 0.0877223050174 0.0696597118728 0.0484550422255 0.145168902136 0.049696969697 0.088827620467 0.337811723795 0.199523099851 0.00548931942375 0.0330774962742 0.0354210134128 0.13880153999 0.0162709885743 0.242972180825 0.0569076005961 0.0401135121709 3.07131569796 24.3820168902 125.411077993 0.348733233979	
0.19 0.0 0.38 0.0 0.0 0.19 0.0 0.0 0.0 0.0 0.19 0.19 0.0 0.0 0.0 0.38 0.0 0.19 1.14 0.0 0.38 0.0 0.0 0.0 0.0 0.0 0.0 0.0 0.0 0.0 0.0 0.0 0.0 0.0 0.0 0.0 0.0 0.0 0.0 0.0 0.0 0.0 0.0 0.0 0.0 0.0 0.0 0.0 0.01 0.01 0.0 0.0 0.0 0.003 2.383 21.0 15841.0 1.0	
0.0 0.0 0.0 0.04 0.0 0.0 0.0 0.0 0.0 0.0 0.0 0.0 0.0 0.0 0.0 0.02 0.0 0.0 0.02 0.0 0.0 0.0 0.0 0.0 0.0 0.0 0.0 0.0 0.0 0.0 0.0 0.0 0.0 0.0 0.0 0.0 0.0 0.0 0.0 0.0 0.0 0.0 0.0 0.0 0.0 0.0 0.0 0.0 1.024 9.752 0.003 1.542 1.785 1.998 239.571 9989.0 10062.0 1.0	
0.0966666666667 0.0133333333333 0.2 0.0 0.153333333333 0.133333333333 0.0 0.0966666666667 0.0966666666667 0.313333333333 0.06 0.0733333333333 0.12 0.0 0.0633333333333 0.0133333333333 0.13 0.0633333333333 0.626666666667 0.0133333333333 0.276666666667 3.17666666667 0.23 0.183333333333 0.0 0.0 0.0 0.0 0.0 0.0 0.0 0.0 0.0 0.0466666666667 0.0 0.0133333333333 0.0 0.0 0.0266666666667 0.0 0.0 0.0 0.0 0.0 0.0633333333333 0.0 0.0 0.0 0.372333333333 0.095 0.014 0.14 0.03 0.00366666666667 15.1876666667 493.0 9113.66666667 1.0	
0.005 0.005 0.035 0.0 0.025 0.0 0.0 0.005 0.015 0.065 0.025 0.0 0.0 0.025 0.0 0.0 0.005 0.035 0.005 0.0 0.005 0.0 0.0 0.0 0.0 0.0 0.0 0.0 0.0 0.0 0.0 0.0 0.035 0.0 0.0 0.065 0.0 0.0 0.0 0.005 0.23 0.0 0.0 0.015 0.0 0.4 0.005 0.035 0.036 0.1615 0.075 0.012 0.056 0.012 3.0295 43.5 5648.5 0.0	
0.297692307692 0.154615384615 1.27615384615 0.0146153846154 0.921538461538 0.0 0.0753846153846 0.0 0.457692307692 0.633076923077 0.0515384615385 0.0823076923077 0.0253846153846 0.0 0.0 0.137692307692 0.0 0.129230769231 0.453846153846 0.67 0.655384615385 0.0 0.0 0.0307692307692 0.256923076923 0.0 0.112307692308 0.0369230769231 0.0 0.0446153846154 0.0 0.0 0.0 0.0292307692308 0.0 0.0 0.0446153846154 0.0 0.0 0.0 0.0 0.0 0.0 0.0 0.0 0.0 0.0 0.0 0.0 0.016 0.0 0.709692307692 0.178384615385 0.00230769230769 510.769153846 1375.38461538 1421.07692308 0.923076923077	
0.172727272727 0.185 0.26 0.00659090909091 0.233636363636 0.0779545454545 0.0354545454545 0.120227272727 0.259772727273 0.316818181818 0.120227272727 0.526136363636 0.196818181818 0.35 0.0240909090909 0.2875 0.240454545455 0.110909090909 1.56727272727 0.0620454545455 0.744318181818 0.370681818182 0.187727272727 0.200454545455 0.475909090909 0.126136363636 0.00340909090909 0.00227272727273 0.00386363636364 0.0197727272727 0.00818181818182 0.0 0.175681818182 0.0 0.00863636363636 0.0997727272727 0.228409090909 0.0104545454545 0.0172727272727 0.0204545454545 0.0238636363636 0.00522727272727 0.00931818181818 0.0218181818182 0.0420454545455 0.100227272727 0.00272727272727 0.0415909090909 0.0467045454545 0.13 0.0224090909091 0.229818181818 0.22875 0.09225 5.23236363636 126.159090909 2081.18181818 0.568181818182	
0.160846325167 0.192917594655 0.444944320713 0.196236080178 0.351559020045 0.198218262806 0.111759465479 0.167795100223 0.372405345212 0.475723830735 0.123786191537 0.670534521158 0.145345211581 0.120267260579 0.260913140312 0.271959910913 0.181180400891 0.331781737194 1.60436525612 0.281804008909 1.12590200445 0.461135857461 0.212026726058 0.197216035635 0.414476614699 0.12280623608 0.0215812917595 0.0149220489978 0.00583518930958 0.0178841870824 0.0159688195991 0.0019153674833 0.0761247216036 0.00287305122494 0.0576391982183 0.0365924276169 0.105679287305 0.00692650334076 0.0163919821826 0.031425389755 0.00806236080178 0.0531180400891 0.0247661469933 0.0112472160356 0.0470378619154 0.0375723830735 0.00527839643653 0.0206458797327 0.0647728285078 0.129737193764 0.0249710467706 0.489153674833 0.18329844098 0.0677772828508 8.36022717149 190.082405345 976.632516704 0.701559020045	
0.377058823529 0.281176470588 0.375294117647 0.0 0.483529411765 0.111764705882 0.0664705882353 0.264117647059 0.501764705882 0.964705882353 0.219411764706 0.591764705882 0.463529411765 0.651764705882 0.443529411765 0.181176470588 0.33 0.348823529412 2.73764705882 0.0558823529412 1.44470588235 0.0 0.640588235294 0.488823529412 0.0 0.0 0.0 0.0 0.0 0.0 0.0 0.0 0.0 0.0 0.00882352941176 0.0188235294118 0.0 0.0 0.01 0.129411764706 0.0 0.0 0.0164705882353 0.0 0.05 0.00823529411765 0.0 0.0 0.0125294117647 0.0708235294118 0.0 0.436882352941 0.423 0.0742941176471 21.5652352941 818.411764706 2309.11764706 1.0	
0.323333333333 0.156888888889 0.292444444444 0.0957777777778 0.0697777777778 0.115333333333 0.0213333333333 0.137333333333 0.226888888889 0.386888888889 0.153111111111 0.672222222222 0.347555555556 0.706444444444 0.022 0.168444444444 0.278222222222 0.118444444444 1.958 0.0497777777778 0.886222222222 0.0348888888889 0.467333333333 0.296444444444 0.0993333333333 0.0631111111111 0.00533333333333 0.00155555555556 0.00222222222222 0.004 0.0 0.0 0.321555555556 0.0 0.0 0.0264444444444 0.184222222222 0.00155555555556 0.00511111111111 0.014 0.0155555555556 0.008 0.00466666666667 0.016 0.042 0.0415555555556 0.01 0.0508888888889 0.0289555555556 0.113555555556 0.00457777777778 0.253511111111 0.351822222222 0.0938444444444 5.26431111111 169.288888889 3247.97777778 0.777777777778	
156295748.807	
