0.0907593880389 0.226127955494 0.252795549374 0.0278748261474 0.299919332406 0.0816022253129 0.108700973574 0.0921613351878 0.0360139082058 0.195847009736 0.0453435326843 0.515944367177 0.0806981919332 0.0376912378303 0.0225563282337 0.242175243394 0.118203059805 0.166344923505 1.67062308762 0.0559137691238 0.747229485396 0.0323838664812 0.0721529902643 0.0737719054242 0.573988873435 0.302058414465 0.971432545202 0.152584144645 0.122075104312 0.124828929068 0.0763365785814 0.0586091794159 0.102027816412 0.0593212795549 0.122408901252 0.111276773296 0.140058414465 0.0136745479833 0.0944478442281 0.0692851182197 0.0494770514604 0.156848400556 0.0533824756606 0.0966870653686 0.366853963839 0.205941585535 0.00438386648122 0.0344867872045 0.0244294853964 0.137801668985 0.0165057023644 0.240736578581 0.0505930458971 0.0326447844228 2.61334075104 18.7304589708 87.5204450626 0.319610570236	
0.19 0.0 0.38 0.0 0.0 0.19 0.0 0.0 0.0 0.0 0.19 0.19 0.0 0.0 0.0 0.38 0.0 0.19 1.14 0.0 0.38 0.0 0.0 0.0 0.0 0.0 0.0 0.0 0.0 0.0 0.0 0.0 0.0 0.0 0.0 0.0 0.0 0.0 0.0 0.0 0.0 0.0 0.0 0.0 0.0 0.0 0.0 0.0 0.01 0.01 0.0 0.0 0.0 0.003 2.383 21.0 15841.0 1.0	
0.0 0.0 0.0 0.04 0.0 0.0 0.0 0.0 0.0 0.0 0.0 0.0 0.0 0.0 0.0 0.02 0.0 0.0 0.02 0.0 0.0 0.0 0.0 0.0 0.0 0.0 0.0 0.0 0.0 0.0 0.0 0.0 0.0 0.0 0.0 0.0 0.0 0.0 0.0 0.0 0.0 0.0 0.0 0.0 0.0 0.0 0.0 0.0 1.024 9.752 0.003 1.542 1.785 1.998 239.571 9989.0 10062.0 1.0	
0.0966666666667 0.0133333333333 0.2 0.0 0.153333333333 0.133333333333 0.0 0.0966666666667 0.0966666666667 0.313333333333 0.06 0.0733333333333 0.12 0.0 0.0633333333333 0.0133333333333 0.13 0.0633333333333 0.626666666667 0.0133333333333 0.276666666667 3.17666666667 0.23 0.183333333333 0.0 0.0 0.0 0.0 0.0 0.0 0.0 0.0 0.0 0.0466666666667 0.0 0.0133333333333 0.0 0.0 0.0266666666667 0.0 0.0 0.0 0.0 0.0 0.0633333333333 0.0 0.0 0.0 0.372333333333 0.095 0.014 0.14 0.03 0.00366666666667 15.1876666667 493.0 9113.66666667 1.0	
0.005 0.005 0.035 0.0 0.025 0.0 0.0 0.005 0.015 0.065 0.025 0.0 0.0 0.025 0.0 0.0 0.005 0.035 0.005 0.0 0.005 0.0 0.0 0.0 0.0 0.0 0.0 0.0 0.0 0.0 0.0 0.0 0.035 0.0 0.0 0.065 0.0 0.0 0.0 0.005 0.23 0.0 0.0 0.015 0.0 0.4 0.005 0.035 0.036 0.1615 0.075 0.012 0.056 0.012 3.0295 43.5 5648.5 0.0	
0.269375 0.17125 1.0825 0.011875 0.97 0.064375 0.134375 0.12 0.464375 1.013125 0.050625 0.241875 0.048125 0.0 0.203125 0.185 0.04625 0.16 0.88625 0.571875 0.985 0.0 0.1475 0.08 0.20875 0.0 0.09125 0.03 0.0 0.03625 0.0 0.0 0.0 0.02375 0.0 0.0 0.054375 0.0 0.0 0.073125 0.0 0.0 0.0 0.0 0.0 0.0 0.0 0.0 0.0 0.01825 0.0 0.655125 0.1771875 0.0031875 426.510375 1302.6875 1449.0625 0.9375	
0.14125 0.158041666667 0.445375 0.122125 0.358666666667 0.244208333333 0.131541666667 0.159208333333 0.432041666667 0.442166666667 0.14 0.56925 0.154791666667 0.0882083333333 0.36325 0.315166666667 0.136791666667 0.478333333333 1.58029166667 0.374333333333 0.994958333333 0.634375 0.294958333333 0.196041666667 0.235708333333 0.102625 0.013875 0.0130833333333 0.00320833333333 0.0129583333333 0.015875 0.000375 0.0516666666667 0.002125 0.0854583333333 0.030125 0.105833333333 0.00270833333333 0.0163333333333 0.0294166666667 0.00625 0.020625 0.0281666666667 0.0132083333333 0.0444166666667 0.0424166666667 0.00733333333333 0.0190416666667 0.0332208333333 0.117529166667 0.0314833333333 0.336 0.1733625 0.0842166666667 7.61069583333 239.433333333 1222.5875 0.770833333333	
0.137147286822 0.167658914729 0.353937984496 0.258558139535 0.372620155039 0.122046511628 0.152387596899 0.152790697674 0.226186046512 0.362217054264 0.0958604651163 0.678945736434 0.112666666667 0.0850852713178 0.0749612403101 0.272279069767 0.263705426357 0.18784496124 1.63556589147 0.138666666667 1.08134883721 0.421302325581 0.149658914729 0.141007751938 0.592759689922 0.159565891473 0.050992248062 0.0343255813953 0.0235813953488 0.0307906976744 0.0305271317829 0.00880620155039 0.0714418604651 0.00899224806202 0.0373953488372 0.0568062015504 0.129410852713 0.0166666666667 0.027007751938 0.0592713178295 0.0299689922481 0.0612093023256 0.019488372093 0.0186821705426 0.0801860465116 0.10792248062 0.0107751937984 0.0217364341085 0.117851162791 0.14623875969 0.0153364341085 0.392679069767 0.136897674419 0.0860542635659 7.65472248062 91.8465116279 533.674418605 0.601550387597	
0.244423076923 0.214423076923 0.296923076923 0.00365384615385 0.238269230769 0.0719230769231 0.0330769230769 0.143461538462 0.322692307692 0.409038461538 0.163846153846 0.542692307692 0.282307692308 0.506730769231 0.0976923076923 0.2325 0.265769230769 0.141346153846 1.90846153846 0.0388461538462 0.851346153846 0.118076923077 0.312884615385 0.281730769231 0.3475 0.0911538461538 0.00288461538462 0.000769230769231 0.00326923076923 0.0140384615385 0.0 0.0 0.145 0.0 0.00596153846154 0.0603846153846 0.165 0.00211538461538 0.00961538461538 0.0375 0.0201923076923 0.00442307692308 0.0125 0.0157692307692 0.0473076923077 0.0875 0.00230769230769 0.0326923076923 0.04125 0.113423076923 0.0176730769231 0.273019230769 0.313346153846 0.0796923076923 6.79746153846 284.596153846 2194.92307692 0.673076923077	
0.323913043478 0.155217391304 0.293695652174 0.0936956521739 0.0758695652174 0.112826086957 0.0208695652174 0.145652173913 0.235217391304 0.416739130435 0.15347826087 0.663260869565 0.357173913043 0.691086956522 0.0271739130435 0.164782608696 0.287391304348 0.12347826087 1.97282608696 0.0486956521739 0.911086956522 0.0341304347826 0.470434782609 0.305217391304 0.0971739130435 0.0617391304348 0.00521739130435 0.00152173913043 0.00217391304348 0.00391304347826 0.0 0.0 0.314565217391 0.0 0.0 0.0276086956522 0.180217391304 0.00152173913043 0.00673913043478 0.0173913043478 0.0152173913043 0.00782608695652 0.0045652173913 0.015652173913 0.0447826086957 0.040652173913 0.00978260869565 0.0497826086957 0.0283260869565 0.112847826087 0.00447826086957 0.260086956522 0.345673913043 0.0920434782609 5.568 191.043478261 3245.10869565 0.782608695652	
92377131.9682	
