0.0926227423048 0.21941745103 0.257397608751 0.052889849911 0.310256932078 0.0843042482829 0.117921648436 0.0964207580768 0.0488857796998 0.205125922157 0.0500356143475 0.522648181124 0.081762910201 0.03774612058 0.0247036377512 0.245583820911 0.133599592979 0.17088018316 1.67367845332 0.0620681760366 0.761834138896 0.0821724751972 0.0793945560926 0.0771559399644 0.566374968201 0.290384126177 0.894993640295 0.144230475706 0.114706181633 0.117555329433 0.0737140676673 0.0548486390231 0.0973670821674 0.0554795217502 0.116446196896 0.106926990588 0.138491477995 0.0143576698041 0.0892012210633 0.0710633426609 0.0473670821674 0.147328923938 0.0507326380056 0.0905494785042 0.344347494276 0.197295853472 0.00555329432714 0.0334418722971 0.0347168659374 0.137685830577 0.01622284406 0.242427880946 0.0563836174002 0.0394344950394 2.99736148563 23.2645637242 115.022131773 0.342660900534	
0.19 0.0 0.38 0.0 0.0 0.19 0.0 0.0 0.0 0.0 0.19 0.19 0.0 0.0 0.0 0.38 0.0 0.19 1.14 0.0 0.38 0.0 0.0 0.0 0.0 0.0 0.0 0.0 0.0 0.0 0.0 0.0 0.0 0.0 0.0 0.0 0.0 0.0 0.0 0.0 0.0 0.0 0.0 0.0 0.0 0.0 0.0 0.0 0.01 0.01 0.0 0.0 0.0 0.003 2.383 21.0 15841.0 1.0	
0.0 0.0 0.0 0.04 0.0 0.0 0.0 0.0 0.0 0.0 0.0 0.0 0.0 0.0 0.0 0.02 0.0 0.0 0.02 0.0 0.0 0.0 0.0 0.0 0.0 0.0 0.0 0.0 0.0 0.0 0.0 0.0 0.0 0.0 0.0 0.0 0.0 0.0 0.0 0.0 0.0 0.0 0.0 0.0 0.0 0.0 0.0 0.0 1.024 9.752 0.003 1.542 1.785 1.998 239.571 9989.0 10062.0 1.0	
0.0966666666667 0.0133333333333 0.2 0.0 0.153333333333 0.133333333333 0.0 0.0966666666667 0.0966666666667 0.313333333333 0.06 0.0733333333333 0.12 0.0 0.0633333333333 0.0133333333333 0.13 0.0633333333333 0.626666666667 0.0133333333333 0.276666666667 3.17666666667 0.23 0.183333333333 0.0 0.0 0.0 0.0 0.0 0.0 0.0 0.0 0.0 0.0466666666667 0.0 0.0133333333333 0.0 0.0 0.0266666666667 0.0 0.0 0.0 0.0 0.0 0.0633333333333 0.0 0.0 0.0 0.372333333333 0.095 0.014 0.14 0.03 0.00366666666667 15.1876666667 493.0 9113.66666667 1.0	
0.005 0.005 0.035 0.0 0.025 0.0 0.0 0.005 0.015 0.065 0.025 0.0 0.0 0.025 0.0 0.0 0.005 0.035 0.005 0.0 0.005 0.0 0.0 0.0 0.0 0.0 0.0 0.0 0.0 0.0 0.0 0.0 0.035 0.0 0.0 0.065 0.0 0.0 0.0 0.005 0.23 0.0 0.0 0.015 0.0 0.4 0.005 0.035 0.036 0.1615 0.075 0.012 0.056 0.012 3.0295 43.5 5648.5 0.0	
0.269375 0.17125 1.0825 0.011875 0.97 0.064375 0.134375 0.12 0.464375 1.013125 0.050625 0.241875 0.048125 0.0 0.203125 0.185 0.04625 0.16 0.88625 0.571875 0.985 0.0 0.1475 0.08 0.20875 0.0 0.09125 0.03 0.0 0.03625 0.0 0.0 0.0 0.02375 0.0 0.0 0.054375 0.0 0.0 0.073125 0.0 0.0 0.0 0.0 0.0 0.0 0.0 0.0 0.0 0.01825 0.0 0.655125 0.1771875 0.0031875 426.510375 1302.6875 1449.0625 0.9375	
0.183086419753 0.161358024691 0.333333333333 0.00456790123457 0.307037037037 0.13962962963 0.0697530864198 0.195802469136 0.289259259259 0.385555555556 0.133580246914 0.570864197531 0.202222222222 0.240617283951 0.131234567901 0.322222222222 0.247654320988 0.247654320988 1.78518518519 0.257530864198 0.894074074074 0.590864197531 0.298024691358 0.268641975309 0.296666666667 0.0872839506173 0.00432098765432 0.00308641975309 0.00185185185185 0.0135802469136 0.00592592592593 0.0 0.0895061728395 0.0016049382716 0.00975308641975 0.0772839506173 0.131851851852 0.00604938271605 0.0120987654321 0.0206172839506 0.0122222222222 0.00234567901235 0.00975308641975 0.0154320987654 0.0388888888889 0.0620987654321 0.00197530864198 0.0279012345679 0.0347037037037 0.112308641975 0.0255061728395 0.262716049383 0.228703703704 0.104925925926 6.75660493827 190.111111111 1803.91358025 0.691358024691	
0.152475247525 0.179089108911 0.426455445545 0.174396039604 0.332792079208 0.179702970297 0.104772277228 0.154475247525 0.342554455446 0.434237623762 0.110673267327 0.690673267327 0.139702970297 0.116693069307 0.217504950495 0.277524752475 0.181366336634 0.289465346535 1.54384158416 0.231465346535 1.15695049505 0.347861386139 0.193900990099 0.171782178218 0.531900990099 0.13500990099 0.0199405940594 0.0131089108911 0.00778217821782 0.0183168316832 0.0152079207921 0.00170297029703 0.0812277227723 0.00267326732673 0.0522772277228 0.0395445544554 0.126277227723 0.00730693069307 0.0191287128713 0.0280198019802 0.0247524752475 0.0577227722772 0.0225148514851 0.012495049505 0.0519207920792 0.0864752475248 0.00510891089109 0.0205940594059 0.0677267326733 0.142546534653 0.0231405940594 0.463653465347 0.160974257426 0.0643267326733 7.95140990099 162.176237624 855.132673267 0.675247524752	
0.405714285714 0.296428571429 0.375714285714 0.0 0.334285714286 0.0628571428571 0.0178571428571 0.216428571429 0.536428571429 0.705 0.266428571429 0.551428571429 0.504285714286 0.791428571429 0.311428571429 0.157142857143 0.387142857143 0.256428571429 2.72428571429 0.0407142857143 1.22428571429 0.0 0.673571428571 0.482142857143 0.0 0.0 0.0 0.0 0.0 0.0 0.0 0.0 0.0 0.0 0.00428571428571 0.0228571428571 0.0 0.0 0.0121428571429 0.0942857142857 0.0 0.0 0.02 0.0 0.0607142857143 0.01 0.0 0.0 0.0152142857143 0.0835714285714 0.0 0.407642857143 0.477 0.0877857142857 12.9425 796.142857143 2435.64285714 1.0	
0.311489361702 0.151063829787 0.286808510638 0.0944680851064 0.0697872340426 0.112340425532 0.0204255319149 0.134255319149 0.224468085106 0.372765957447 0.146595744681 0.655531914894 0.332765957447 0.676808510638 0.0214893617021 0.164042553191 0.26914893617 0.115744680851 1.88255319149 0.0476595744681 0.854042553191 0.0334042553191 0.447446808511 0.283829787234 0.124893617021 0.0910638297872 0.00574468085106 0.00191489361702 0.00255319148936 0.00382978723404 0.0 0.0 0.345957446809 0.0 0.0 0.0306382978723 0.221063829787 0.00255319148936 0.00489361702128 0.0134042553191 0.016170212766 0.00851063829787 0.00489361702128 0.0178723404255 0.0402127659574 0.0459574468085 0.01 0.051914893617 0.0332127659574 0.117468085106 0.00823404255319 0.242787234043 0.337106382979 0.0898510638298 5.14572340426 164.489361702 3222.93617021 0.744680851064	
142508531.62	
