0.0953657339224 0.216578301424 0.26117329406 0.0512223858616 0.310103092784 0.08588365243 0.116907216495 0.0982744231713 0.0554369170349 0.209756995582 0.0510162002946 0.530670103093 0.0828718703976 0.0402994599902 0.0252258222877 0.249069710358 0.137803141875 0.168448699067 1.66671330388 0.064351988218 0.778146784487 0.0853804614629 0.0819366715758 0.0803730976927 0.573139420717 0.284923907707 0.864037800687 0.139332351497 0.111038291605 0.113910162003 0.0714727540501 0.0529602356406 0.0973269513991 0.0536426116838 0.112734413353 0.105267550319 0.139288168876 0.0144599901816 0.0868311242023 0.0690623465881 0.0479037800687 0.144914089347 0.049293078056 0.0879504172803 0.334722631321 0.197420225822 0.00542464408444 0.0329626902307 0.0364430535101 0.138732204222 0.0162083946981 0.245254786451 0.058118065783 0.0404381443299 3.18056381934 25.5758468336 131.051300933 0.352233676976	
0.19 0.0 0.38 0.0 0.0 0.19 0.0 0.0 0.0 0.0 0.19 0.19 0.0 0.0 0.0 0.38 0.0 0.19 1.14 0.0 0.38 0.0 0.0 0.0 0.0 0.0 0.0 0.0 0.0 0.0 0.0 0.0 0.0 0.0 0.0 0.0 0.0 0.0 0.0 0.0 0.0 0.0 0.0 0.0 0.0 0.0 0.0 0.0 0.01 0.01 0.0 0.0 0.0 0.003 2.383 21.0 15841.0 1.0	
0.0 0.0 0.0 0.04 0.0 0.0 0.0 0.0 0.0 0.0 0.0 0.0 0.0 0.0 0.0 0.02 0.0 0.0 0.02 0.0 0.0 0.0 0.0 0.0 0.0 0.0 0.0 0.0 0.0 0.0 0.0 0.0 0.0 0.0 0.0 0.0 0.0 0.0 0.0 0.0 0.0 0.0 0.0 0.0 0.0 0.0 0.0 0.0 1.024 9.752 0.003 1.542 1.785 1.998 239.571 9989.0 10062.0 1.0	
0.0966666666667 0.0133333333333 0.2 0.0 0.153333333333 0.133333333333 0.0 0.0966666666667 0.0966666666667 0.313333333333 0.06 0.0733333333333 0.12 0.0 0.0633333333333 0.0133333333333 0.13 0.0633333333333 0.626666666667 0.0133333333333 0.276666666667 3.17666666667 0.23 0.183333333333 0.0 0.0 0.0 0.0 0.0 0.0 0.0 0.0 0.0 0.0466666666667 0.0 0.0133333333333 0.0 0.0 0.0266666666667 0.0 0.0 0.0 0.0 0.0 0.0633333333333 0.0 0.0 0.0 0.372333333333 0.095 0.014 0.14 0.03 0.00366666666667 15.1876666667 493.0 9113.66666667 1.0	
0.005 0.005 0.035 0.0 0.025 0.0 0.0 0.005 0.015 0.065 0.025 0.0 0.0 0.025 0.0 0.0 0.005 0.035 0.005 0.0 0.005 0.0 0.0 0.0 0.0 0.0 0.0 0.0 0.0 0.0 0.0 0.0 0.035 0.0 0.0 0.065 0.0 0.0 0.0 0.005 0.23 0.0 0.0 0.015 0.0 0.4 0.005 0.035 0.036 0.1615 0.075 0.012 0.056 0.012 3.0295 43.5 5648.5 0.0	
0.295 0.0833333333333 1.3825 0.0158333333333 0.885833333333 0.0 0.0541666666667 0.0 0.495833333333 0.685833333333 0.0 0.0333333333333 0.0 0.0 0.0 0.065 0.0 0.0 0.295 0.725833333333 0.400833333333 0.0 0.0 0.0333333333333 0.278333333333 0.0 0.121666666667 0.04 0.0 0.0483333333333 0.0 0.0 0.0 0.0316666666667 0.0 0.0 0.0483333333333 0.0 0.0 0.0 0.0 0.0 0.0 0.0 0.0 0.0 0.0 0.0 0.0 0.00733333333333 0.0 0.763833333333 0.18825 0.0025 537.20825 1405.58333333 1442.75 0.916666666667	
0.208333333333 0.190277777778 0.279722222222 0.125 0.200555555556 0.0780555555556 0.0416666666667 0.122777777778 0.280277777778 0.361388888889 0.14 0.498055555556 0.2525 0.452777777778 0.0286111111111 0.226388888889 0.235277777778 0.0969444444444 1.81222222222 0.0294444444444 0.827222222222 0.0466666666667 0.215 0.257222222222 0.486944444444 0.118055555556 0.00444444444444 0.00111111111111 0.00416666666667 0.0108333333333 0.0 0.0 0.234722222222 0.0 0.00694444444444 0.0588888888889 0.214722222222 0.00305555555556 0.00805555555556 0.0225 0.0277777777778 0.00666666666667 0.00722222222222 0.0227777777778 0.0561111111111 0.106111111111 0.00416666666667 0.0563888888889 0.0412777777778 0.1145 0.0223055555556 0.260833333333 0.281611111111 0.0739722222222 5.35344444444 127.888888889 2250.52777778 0.638888888889	
0.147354368932 0.189902912621 0.438349514563 0.212645631068 0.346480582524 0.19645631068 0.109174757282 0.166383495146 0.373689320388 0.464174757282 0.125291262136 0.660169902913 0.151286407767 0.115048543689 0.276504854369 0.263276699029 0.162694174757 0.360946601942 1.58618932039 0.286844660194 1.10781553398 0.475995145631 0.227669902913 0.182257281553 0.407669902913 0.129029126214 0.0205097087379 0.015 0.00606796116505 0.0194174757282 0.0163834951456 0.00172330097087 0.0705339805825 0.0025 0.0614563106796 0.0378640776699 0.114053398058 0.00400485436893 0.0176213592233 0.0322815533981 0.00902912621359 0.0434951456311 0.0255582524272 0.0109223300971 0.0426213592233 0.0408737864078 0.00575242718447 0.0205339805825 0.0586747572816 0.130718446602 0.0263470873786 0.485080097087 0.182245145631 0.0692354368932 8.27166019417 197.958737864 1038.79126214 0.699029126214	
0.356111111111 0.271111111111 0.371111111111 0.0 0.513333333333 0.122222222222 0.0683333333333 0.271666666667 0.473888888889 0.922222222222 0.212777777778 0.61 0.437777777778 0.621111111111 0.418888888889 0.278888888889 0.362777777778 0.351666666667 2.69333333333 0.075 1.39833333333 0.0511111111111 0.633333333333 0.467222222222 0.0 0.0 0.0 0.0 0.0 0.0 0.0 0.0 0.0 0.0 0.00833333333333 0.0344444444444 0.00555555555556 0.0 0.00944444444444 0.127777777778 0.0 0.0 0.0155555555556 0.0 0.0472222222222 0.00777777777778 0.0 0.0 0.0118333333333 0.0695555555556 0.000888888888889 0.441388888889 0.4085 0.0890555555556 20.8216666667 788.666666667 2285.83333333 1.0	
0.330476190476 0.16 0.292619047619 0.0 0.067380952381 0.114523809524 0.0197619047619 0.14119047619 0.230952380952 0.400952380952 0.154761904762 0.683571428571 0.354523809524 0.729285714286 0.022380952381 0.175714285714 0.290476190476 0.113571428571 1.98357142857 0.0530952380952 0.908095238095 0.037380952381 0.481666666667 0.299523809524 0.106428571429 0.067619047619 0.005 0.00166666666667 0.00214285714286 0.00428571428571 0.0 0.0 0.315714285714 0.0 0.0 0.0266666666667 0.172857142857 0.00166666666667 0.0052380952381 0.012380952381 0.0135714285714 0.00833333333333 0.005 0.0171428571429 0.0392857142857 0.0352380952381 0.01 0.042380952381 0.0218333333333 0.11419047619 0.00485714285714 0.24969047619 0.362142857143 0.0937619047619 5.07216666667 167.833333333 3274.07142857 0.785714285714	
169804841.451	
