0.0920920071961 0.220827550758 0.257712670265 0.0502518632742 0.3100154202 0.0841223335903 0.118005654074 0.0960190182472 0.0474505268568 0.203484965305 0.0498946286302 0.520645078386 0.082079157029 0.0375687483937 0.0248702133128 0.246011308147 0.132654844513 0.171377537908 1.67485479311 0.0618812644564 0.762665124647 0.076211770753 0.0787997943973 0.0767900282704 0.565679773837 0.290750449756 0.903973271653 0.145176047289 0.115615523002 0.118118735544 0.0744487278335 0.0554124903624 0.0975173477255 0.0559393472115 0.117021331277 0.107409406322 0.138612181958 0.0143356463634 0.0898252377281 0.0716473914161 0.0475199177589 0.148041634541 0.0511719352352 0.0912156258031 0.347103572346 0.19799537394 0.00502184528399 0.0333461835004 0.034578771524 0.13755538422 0.0161863274223 0.242494731432 0.0562274479568 0.0388964276536 2.97389848368 22.8344898484 111.01387818 0.340786430224	
0.19 0.0 0.38 0.0 0.0 0.19 0.0 0.0 0.0 0.0 0.19 0.19 0.0 0.0 0.0 0.38 0.0 0.19 1.14 0.0 0.38 0.0 0.0 0.0 0.0 0.0 0.0 0.0 0.0 0.0 0.0 0.0 0.0 0.0 0.0 0.0 0.0 0.0 0.0 0.0 0.0 0.0 0.0 0.0 0.0 0.0 0.0 0.0 0.01 0.01 0.0 0.0 0.0 0.003 2.383 21.0 15841.0 1.0	
0.0 0.0 0.0 0.04 0.0 0.0 0.0 0.0 0.0 0.0 0.0 0.0 0.0 0.0 0.0 0.02 0.0 0.0 0.02 0.0 0.0 0.0 0.0 0.0 0.0 0.0 0.0 0.0 0.0 0.0 0.0 0.0 0.0 0.0 0.0 0.0 0.0 0.0 0.0 0.0 0.0 0.0 0.0 0.0 0.0 0.0 0.0 0.0 1.024 9.752 0.003 1.542 1.785 1.998 239.571 9989.0 10062.0 1.0	
0.0966666666667 0.0133333333333 0.2 0.0 0.153333333333 0.133333333333 0.0 0.0966666666667 0.0966666666667 0.313333333333 0.06 0.0733333333333 0.12 0.0 0.0633333333333 0.0133333333333 0.13 0.0633333333333 0.626666666667 0.0133333333333 0.276666666667 3.17666666667 0.23 0.183333333333 0.0 0.0 0.0 0.0 0.0 0.0 0.0 0.0 0.0 0.0466666666667 0.0 0.0133333333333 0.0 0.0 0.0266666666667 0.0 0.0 0.0 0.0 0.0 0.0633333333333 0.0 0.0 0.0 0.372333333333 0.095 0.014 0.14 0.03 0.00366666666667 15.1876666667 493.0 9113.66666667 1.0	
0.005 0.005 0.035 0.0 0.025 0.0 0.0 0.005 0.015 0.065 0.025 0.0 0.0 0.025 0.0 0.0 0.005 0.035 0.005 0.0 0.005 0.0 0.0 0.0 0.0 0.0 0.0 0.0 0.0 0.0 0.0 0.0 0.035 0.0 0.0 0.065 0.0 0.0 0.0 0.005 0.23 0.0 0.0 0.015 0.0 0.4 0.005 0.035 0.036 0.1615 0.075 0.012 0.056 0.012 3.0295 43.5 5648.5 0.0	
0.253529411765 0.161176470588 1.01882352941 0.0111764705882 0.929411764706 0.111176470588 0.126470588235 0.112941176471 0.437058823529 0.953529411765 0.0476470588235 0.261176470588 0.0617647058824 0.0 0.191176470588 0.174117647059 0.06 0.150588235294 0.850588235294 0.538235294118 0.943529411765 0.0 0.138823529412 0.0752941176471 0.196470588235 0.0 0.0858823529412 0.0282352941176 0.0 0.0341176470588 0.0 0.0 0.0 0.0223529411765 0.0 0.0 0.0511764705882 0.0 0.0 0.0688235294118 0.0 0.0 0.0 0.0 0.0 0.0 0.0 0.0 0.00494117647059 0.0245882352941 0.0 0.616588235294 0.166764705882 0.003 403.037941176 1271.47058824 1441.41176471 0.941176470588	
0.15408 0.14488 0.47136 0.00296 0.41224 0.30648 0.15152 0.15448 0.38568 0.30928 0.16744 0.6116 0.19792 0.16752 0.49424 0.32736 0.18336 0.4488 1.6964 0.41648 0.85792 0.38288 0.40744 0.20928 0.23648 0.08208 0.00464 0.00416 0.0036 0.00968 0.00656 0.0 0.06952 0.00104 0.01096 0.05368 0.10024 0.00424 0.01328 0.02632 0.00848 0.00184 0.04344 0.0164 0.04864 0.0588 0.00128 0.02008 0.027584 0.107696 0.020952 0.295336 0.174816 0.075424 6.868896 313.864 1640.696 0.752	
0.155450901804 0.176092184369 0.386072144289 0.20130260521 0.312064128257 0.134488977956 0.0879559118236 0.160180360721 0.311402805611 0.44995991984 0.0962725450902 0.693466933868 0.126693386774 0.1150501002 0.121563126253 0.266653306613 0.19370741483 0.232685370741 1.54386773547 0.178476953908 1.15080160321 0.405110220441 0.154328657315 0.172044088176 0.578036072144 0.150661322645 0.0214428857715 0.0169138276553 0.00937875751503 0.0233466933868 0.0148897795591 0.00172344689379 0.0859519038076 0.00356713426854 0.0565931863727 0.0439278557114 0.134248496994 0.0086372745491 0.0202805611222 0.0265731462926 0.0275150300601 0.0645891783567 0.0144488977956 0.0131062124248 0.0525651302605 0.0933867735471 0.00975951903808 0.0237675350701 0.0708937875752 0.147154308617 0.0238637274549 0.455907815631 0.156480961924 0.0701743486974 7.78944288577 120.573146293 778.983967936 0.645290581162	
0.43 0.331333333333 0.341333333333 0.0 0.228666666667 0.0493333333333 0.0246666666667 0.205333333333 0.524666666667 0.786 0.268 0.559333333333 0.519333333333 0.89 0.182 0.175333333333 0.415333333333 0.168 2.802 0.0273333333333 1.286 0.0 0.602666666667 0.517333333333 0.0 0.0 0.0 0.0 0.0 0.0 0.0 0.0 0.0 0.0 0.004 0.0213333333333 0.0 0.0 0.0113333333333 0.0773333333333 0.0 0.0 0.008 0.0 0.064 0.004 0.0 0.0 0.0162666666667 0.0833333333333 0.00106666666667 0.410266666667 0.628133333333 0.0959333333333 12.1405333333 725.133333333 2475.73333333 1.0	
0.311489361702 0.151063829787 0.286808510638 0.0944680851064 0.0697872340426 0.112340425532 0.0204255319149 0.134255319149 0.224468085106 0.372765957447 0.146595744681 0.655531914894 0.332765957447 0.676808510638 0.0214893617021 0.164042553191 0.26914893617 0.115744680851 1.88255319149 0.0476595744681 0.854042553191 0.0334042553191 0.447446808511 0.283829787234 0.124893617021 0.0910638297872 0.00574468085106 0.00191489361702 0.00255319148936 0.00382978723404 0.0 0.0 0.345957446809 0.0 0.0 0.0306382978723 0.221063829787 0.00255319148936 0.00489361702128 0.0134042553191 0.016170212766 0.00851063829787 0.00489361702128 0.0178723404255 0.0402127659574 0.0459574468085 0.01 0.051914893617 0.0332127659574 0.117468085106 0.00823404255319 0.242787234043 0.337106382979 0.0898510638298 5.14572340426 164.489361702 3222.93617021 0.744680851064	
132303869.407	
