0.0892857142857 0.230886402754 0.249675846242 0.0226419965577 0.300774526678 0.079850831899 0.107068273092 0.0893689041882 0.0345840504877 0.194716006885 0.043066551922 0.516388410786 0.0800487664945 0.0385169248422 0.0232358003442 0.240278255881 0.112905909352 0.165263912794 1.67088066552 0.0481267928858 0.738689041882 0.0235829030407 0.070140562249 0.0727567412507 0.574962707975 0.305524956971 0.999942627653 0.156442914515 0.124979919679 0.127550200803 0.0781583476764 0.0602753872633 0.103063683305 0.0609236947791 0.124632816982 0.112814113597 0.137277682157 0.0140476190476 0.0963625932301 0.0707343660356 0.0502667814114 0.160892139989 0.0538955823293 0.0990590935169 0.374552495697 0.203069420539 0.00452094090648 0.0342398164085 0.0219681583477 0.137116752725 0.016120195066 0.239032989099 0.0493743545611 0.0319779116466 2.48226878944 17.2131382674 80.8780837636 0.311818703385	
0.19 0.0 0.38 0.0 0.0 0.19 0.0 0.0 0.0 0.0 0.19 0.19 0.0 0.0 0.0 0.38 0.0 0.19 1.14 0.0 0.38 0.0 0.0 0.0 0.0 0.0 0.0 0.0 0.0 0.0 0.0 0.0 0.0 0.0 0.0 0.0 0.0 0.0 0.0 0.0 0.0 0.0 0.0 0.0 0.0 0.0 0.0 0.0 0.01 0.01 0.0 0.0 0.0 0.003 2.383 21.0 15841.0 1.0	
0.0 0.0 0.0 0.04 0.0 0.0 0.0 0.0 0.0 0.0 0.0 0.0 0.0 0.0 0.0 0.02 0.0 0.0 0.02 0.0 0.0 0.0 0.0 0.0 0.0 0.0 0.0 0.0 0.0 0.0 0.0 0.0 0.0 0.0 0.0 0.0 0.0 0.0 0.0 0.0 0.0 0.0 0.0 0.0 0.0 0.0 0.0 0.0 1.024 9.752 0.003 1.542 1.785 1.998 239.571 9989.0 10062.0 1.0	
0.0966666666667 0.0133333333333 0.2 0.0 0.153333333333 0.133333333333 0.0 0.0966666666667 0.0966666666667 0.313333333333 0.06 0.0733333333333 0.12 0.0 0.0633333333333 0.0133333333333 0.13 0.0633333333333 0.626666666667 0.0133333333333 0.276666666667 3.17666666667 0.23 0.183333333333 0.0 0.0 0.0 0.0 0.0 0.0 0.0 0.0 0.0 0.0466666666667 0.0 0.0133333333333 0.0 0.0 0.0266666666667 0.0 0.0 0.0 0.0 0.0 0.0633333333333 0.0 0.0 0.0 0.372333333333 0.095 0.014 0.14 0.03 0.00366666666667 15.1876666667 493.0 9113.66666667 1.0	
0.005 0.005 0.035 0.0 0.025 0.0 0.0 0.005 0.015 0.065 0.025 0.0 0.0 0.025 0.0 0.0 0.005 0.035 0.005 0.0 0.005 0.0 0.0 0.0 0.0 0.0 0.0 0.0 0.0 0.0 0.0 0.0 0.035 0.0 0.0 0.065 0.0 0.0 0.0 0.005 0.23 0.0 0.0 0.015 0.0 0.4 0.005 0.035 0.036 0.1615 0.075 0.012 0.056 0.012 3.0295 43.5 5648.5 0.0	
0.269375 0.17125 1.0825 0.011875 0.97 0.064375 0.134375 0.12 0.464375 1.013125 0.050625 0.241875 0.048125 0.0 0.203125 0.185 0.04625 0.16 0.88625 0.571875 0.985 0.0 0.1475 0.08 0.20875 0.0 0.09125 0.03 0.0 0.03625 0.0 0.0 0.0 0.02375 0.0 0.0 0.054375 0.0 0.0 0.073125 0.0 0.0 0.0 0.0 0.0 0.0 0.0 0.0 0.0 0.01825 0.0 0.655125 0.1771875 0.0031875 426.510375 1302.6875 1449.0625 0.9375	
0.152071428571 0.184392857143 0.443392857143 0.153 0.357678571429 0.220464285714 0.117928571429 0.174785714286 0.406642857143 0.499964285714 0.131 0.636928571429 0.146535714286 0.112678571429 0.323607142857 0.298214285714 0.135035714286 0.440392857143 1.5715 0.337357142857 1.12796428571 0.663035714286 0.263392857143 0.181678571429 0.294642857143 0.108857142857 0.0194285714286 0.0146071428571 0.00435714285714 0.0148571428571 0.0156785714286 0.001 0.0701428571429 0.00214285714286 0.0763571428571 0.0302142857143 0.106214285714 0.00303571428571 0.0174642857143 0.0288214285714 0.00582142857143 0.0191428571429 0.0251071428571 0.0114642857143 0.0403571428571 0.0365714285714 0.0065 0.0220357142857 0.0367107142857 0.120460714286 0.0313535714286 0.371207142857 0.166678571429 0.0886642857143 9.13925714286 234.292857143 1160.1 0.753571428571	
0.132855133615 0.143713080169 0.348818565401 0.245316455696 0.358368495077 0.125935302391 0.160872011252 0.150042194093 0.202559774965 0.315077355837 0.100337552743 0.631336146273 0.111687763713 0.064135021097 0.06194092827 0.27929676512 0.274866385373 0.186891701828 1.64658227848 0.164810126582 1.02603375527 0.383333333333 0.150984528833 0.137735583685 0.582334739803 0.165513361463 0.0524331926864 0.0341912798875 0.0252320675105 0.0321659634318 0.0291420534459 0.00853727144866 0.0651898734177 0.00926863572433 0.040253164557 0.0587623066104 0.146216596343 0.0148804500703 0.0279606188467 0.0557243319269 0.0307172995781 0.0591701828411 0.0229676511955 0.02 0.0902953586498 0.143473980309 0.0096905766526 0.0237834036568 0.119447257384 0.148932489451 0.0166132208158 0.36735161744 0.130240506329 0.0795147679325 6.92523488045 80.7580872011 478.699015471 0.5935302391	
0.237454545455 0.208545454545 0.307090909091 0.00527272727273 0.246727272727 0.0872727272727 0.0312727272727 0.152363636364 0.316181818182 0.405454545455 0.160181818182 0.549636363636 0.274909090909 0.481454545455 0.11 0.259636363636 0.27 0.164 1.88927272727 0.0527272727273 0.843818181818 0.111636363636 0.315818181818 0.280545454545 0.356363636364 0.0903636363636 0.00272727272727 0.00181818181818 0.00309090909091 0.0143636363636 0.00654545454545 0.0 0.137090909091 0.0 0.00963636363636 0.0643636363636 0.158363636364 0.00490909090909 0.0125454545455 0.0372727272727 0.0190909090909 0.00418181818182 0.0118181818182 0.016 0.0452727272727 0.0827272727273 0.00218181818182 0.0332727272727 0.0394363636364 0.113036363636 0.0167090909091 0.2758 0.303490909091 0.0796909090909 6.84123636364 287.527272727 2168.89090909 0.672727272727	
0.323913043478 0.155217391304 0.293695652174 0.0936956521739 0.0758695652174 0.112826086957 0.0208695652174 0.145652173913 0.235217391304 0.416739130435 0.15347826087 0.663260869565 0.357173913043 0.691086956522 0.0271739130435 0.164782608696 0.287391304348 0.12347826087 1.97282608696 0.0486956521739 0.911086956522 0.0341304347826 0.470434782609 0.305217391304 0.0971739130435 0.0617391304348 0.00521739130435 0.00152173913043 0.00217391304348 0.00391304347826 0.0 0.0 0.314565217391 0.0 0.0 0.0276086956522 0.180217391304 0.00152173913043 0.00673913043478 0.0173913043478 0.0152173913043 0.00782608695652 0.0045652173913 0.015652173913 0.0447826086957 0.040652173913 0.00978260869565 0.0497826086957 0.0283260869565 0.112847826087 0.00447826086957 0.260086956522 0.345673913043 0.0920434782609 5.568 191.043478261 3245.10869565 0.782608695652	
90216416.1756	
