0.0903688411781 0.224960088081 0.252936966694 0.0275832645197 0.300600055051 0.081439581613 0.110393614093 0.0936361134049 0.0370712909441 0.198053949904 0.0462482796587 0.514406826314 0.0800275254611 0.0379163225984 0.0223203963666 0.241940545004 0.121690063309 0.165871180842 1.66820258739 0.0567657583265 0.748326451968 0.0453702174511 0.0725901458849 0.0738948527388 0.574946325351 0.3017671346 0.962028626479 0.151436829067 0.121527663088 0.124164602257 0.0757280484448 0.0581860721167 0.101081750619 0.0588907239196 0.121348747592 0.110776218002 0.141940545004 0.0135315166529 0.0935617946601 0.0687503440683 0.0495953757225 0.155298651252 0.0531626754748 0.0957968620974 0.365064684833 0.208714560969 0.00433801266171 0.0341260666116 0.0281808422791 0.137778144784 0.016503165428 0.240052298376 0.0511040462428 0.0353693916873 2.68925020644 19.2617671346 90.0154142582 0.322323148913	
0.19 0.0 0.38 0.0 0.0 0.19 0.0 0.0 0.0 0.0 0.19 0.19 0.0 0.0 0.0 0.38 0.0 0.19 1.14 0.0 0.38 0.0 0.0 0.0 0.0 0.0 0.0 0.0 0.0 0.0 0.0 0.0 0.0 0.0 0.0 0.0 0.0 0.0 0.0 0.0 0.0 0.0 0.0 0.0 0.0 0.0 0.0 0.0 0.01 0.01 0.0 0.0 0.0 0.003 2.383 21.0 15841.0 1.0	
0.0 0.0 0.0 0.04 0.0 0.0 0.0 0.0 0.0 0.0 0.0 0.0 0.0 0.0 0.0 0.02 0.0 0.0 0.02 0.0 0.0 0.0 0.0 0.0 0.0 0.0 0.0 0.0 0.0 0.0 0.0 0.0 0.0 0.0 0.0 0.0 0.0 0.0 0.0 0.0 0.0 0.0 0.0 0.0 0.0 0.0 0.0 0.0 1.024 9.752 0.003 1.542 1.785 1.998 239.571 9989.0 10062.0 1.0	
0.0966666666667 0.0133333333333 0.2 0.0 0.153333333333 0.133333333333 0.0 0.0966666666667 0.0966666666667 0.313333333333 0.06 0.0733333333333 0.12 0.0 0.0633333333333 0.0133333333333 0.13 0.0633333333333 0.626666666667 0.0133333333333 0.276666666667 3.17666666667 0.23 0.183333333333 0.0 0.0 0.0 0.0 0.0 0.0 0.0 0.0 0.0 0.0466666666667 0.0 0.0133333333333 0.0 0.0 0.0266666666667 0.0 0.0 0.0 0.0 0.0 0.0633333333333 0.0 0.0 0.0 0.372333333333 0.095 0.014 0.14 0.03 0.00366666666667 15.1876666667 493.0 9113.66666667 1.0	
0.005 0.005 0.035 0.0 0.025 0.0 0.0 0.005 0.015 0.065 0.025 0.0 0.0 0.025 0.0 0.0 0.005 0.035 0.005 0.0 0.005 0.0 0.0 0.0 0.0 0.0 0.0 0.0 0.0 0.0 0.0 0.0 0.035 0.0 0.0 0.065 0.0 0.0 0.0 0.005 0.23 0.0 0.0 0.015 0.0 0.4 0.005 0.035 0.036 0.1615 0.075 0.012 0.056 0.012 3.0295 43.5 5648.5 0.0	
0.275294117647 0.205294117647 1.08529411765 0.0111764705882 0.934705882353 0.0605882352941 0.126470588235 0.134705882353 0.458823529412 1.06470588235 0.0694117647059 0.383529411765 0.0452941176471 0.0217647058824 0.191176470588 0.195882352941 0.0435294117647 0.150588235294 0.967647058824 0.538235294118 1.19411764706 0.0 0.160588235294 0.0752941176471 0.196470588235 0.0 0.0858823529412 0.0282352941176 0.0 0.0341176470588 0.0 0.0 0.0 0.0223529411765 0.0 0.0 0.0729411764706 0.0 0.0 0.0688235294118 0.0 0.0 0.0 0.0 0.0 0.0 0.0 0.0 0.0 0.0287058823529 0.0 0.689882352941 0.178294117647 0.00682352941176 405.098 1275.76470588 1422.64705882 0.941176470588	
0.144122807018 0.156052631579 0.452236842105 0.128552631579 0.360043859649 0.24951754386 0.138114035088 0.160526315789 0.43 0.426271929825 0.142587719298 0.55451754386 0.155921052632 0.0902631578947 0.370877192982 0.320263157895 0.137850877193 0.482763157895 1.59342105263 0.389298245614 0.977368421053 0.599298245614 0.293289473684 0.200219298246 0.208596491228 0.104298245614 0.0136403508772 0.012149122807 0.00258771929825 0.0103947368421 0.0154824561404 0.000394736842105 0.0546052631579 0.00223684210526 0.0743421052632 0.0291666666667 0.101140350877 0.00267543859649 0.0135964912281 0.0307894736842 0.00622807017544 0.0193421052632 0.0289035087719 0.0139035087719 0.0437280701754 0.0428947368421 0.00701754385965 0.0168421052632 0.0330701754386 0.116052631579 0.0328289473684 0.331929824561 0.175995614035 0.082048245614 7.47297807018 244.087719298 1245.05701754 0.771929824561	
0.140580645161 0.170209677419 0.356790322581 0.268983870968 0.371258064516 0.125838709677 0.142080645161 0.147016129032 0.235903225806 0.363548387097 0.0929516129032 0.697758064516 0.118774193548 0.0852419354839 0.0822096774194 0.273419354839 0.248919354839 0.196048387097 1.63570967742 0.137580645161 1.09132258065 0.385387096774 0.154435483871 0.143709677419 0.591209677419 0.15135483871 0.049 0.0336774193548 0.0205483870968 0.0296129032258 0.0310967741935 0.00804838709677 0.0739677419355 0.00824193548387 0.0433548387097 0.0562903225806 0.119241935484 0.0174032258065 0.0290322580645 0.0606129032258 0.0275806451613 0.0640161290323 0.0186290322581 0.0187258064516 0.0725322580645 0.0840483870968 0.0114677419355 0.0237903225806 0.100122580645 0.146841935484 0.0151580645161 0.403758064516 0.13840483871 0.0738806451613 7.46465967742 93.2306451613 554.675806452 0.603225806452	
0.253 0.2202 0.301 0.0038 0.246 0.073 0.0344 0.1448 0.3296 0.4216 0.1686 0.541 0.2936 0.527 0.1016 0.2418 0.2764 0.1418 1.981 0.0404 0.883 0.1228 0.3254 0.293 0.3514 0.085 0.0026 0.0008 0.0034 0.0128 0.0 0.0 0.1454 0.0 0.0062 0.061 0.1586 0.0022 0.0074 0.039 0.021 0.0046 0.0122 0.0164 0.0492 0.091 0.0024 0.034 0.03918 0.1116 0.01732 0.28394 0.32574 0.08288 6.95634 291.24 2212.3 0.7	
0.323913043478 0.155217391304 0.293695652174 0.0936956521739 0.0758695652174 0.112826086957 0.0208695652174 0.145652173913 0.235217391304 0.416739130435 0.15347826087 0.663260869565 0.357173913043 0.691086956522 0.0271739130435 0.164782608696 0.287391304348 0.12347826087 1.97282608696 0.0486956521739 0.911086956522 0.0341304347826 0.470434782609 0.305217391304 0.0971739130435 0.0617391304348 0.00521739130435 0.00152173913043 0.00217391304348 0.00391304347826 0.0 0.0 0.314565217391 0.0 0.0 0.0276086956522 0.180217391304 0.00152173913043 0.00673913043478 0.0173913043478 0.0152173913043 0.00782608695652 0.0045652173913 0.015652173913 0.0447826086957 0.040652173913 0.00978260869565 0.0497826086957 0.0283260869565 0.112847826087 0.00447826086957 0.260086956522 0.345673913043 0.0920434782609 5.568 191.043478261 3245.10869565 0.782608695652	
93793314.0511	
