0.0893030562696 0.230028563268 0.249268780348 0.0225449871465 0.300751213939 0.0800171379606 0.107035132819 0.0895429877178 0.0344358754642 0.194718651814 0.0436560982576 0.517197943445 0.0800742644959 0.0383518994573 0.0231362467866 0.241088260497 0.11334475864 0.165449871465 1.67100257069 0.0502742073693 0.741379605827 0.023481862325 0.0698800342759 0.0730991145387 0.573364752928 0.304430162811 0.995921165381 0.155941159669 0.124990002856 0.127300771208 0.077823479006 0.0600171379606 0.102882033705 0.0606626678092 0.124318766067 0.112742073693 0.137100828335 0.0139874321622 0.095949728649 0.0704770065696 0.0500514138817 0.160445586975 0.0536646672379 0.0988174807198 0.373553270494 0.202199371608 0.00450157097972 0.0342673521851 0.0219331619537 0.137015424165 0.0162290774065 0.239151385318 0.0493670379891 0.0321619537275 2.48942787775 17.4341616681 81.7517852042 0.312767780634	
0.19 0.0 0.38 0.0 0.0 0.19 0.0 0.0 0.0 0.0 0.19 0.19 0.0 0.0 0.0 0.38 0.0 0.19 1.14 0.0 0.38 0.0 0.0 0.0 0.0 0.0 0.0 0.0 0.0 0.0 0.0 0.0 0.0 0.0 0.0 0.0 0.0 0.0 0.0 0.0 0.0 0.0 0.0 0.0 0.0 0.0 0.0 0.0 0.01 0.01 0.0 0.0 0.0 0.003 2.383 21.0 15841.0 1.0	
0.0 0.0 0.0 0.04 0.0 0.0 0.0 0.0 0.0 0.0 0.0 0.0 0.0 0.0 0.0 0.02 0.0 0.0 0.02 0.0 0.0 0.0 0.0 0.0 0.0 0.0 0.0 0.0 0.0 0.0 0.0 0.0 0.0 0.0 0.0 0.0 0.0 0.0 0.0 0.0 0.0 0.0 0.0 0.0 0.0 0.0 0.0 0.0 1.024 9.752 0.003 1.542 1.785 1.998 239.571 9989.0 10062.0 1.0	
0.0966666666667 0.0133333333333 0.2 0.0 0.153333333333 0.133333333333 0.0 0.0966666666667 0.0966666666667 0.313333333333 0.06 0.0733333333333 0.12 0.0 0.0633333333333 0.0133333333333 0.13 0.0633333333333 0.626666666667 0.0133333333333 0.276666666667 3.17666666667 0.23 0.183333333333 0.0 0.0 0.0 0.0 0.0 0.0 0.0 0.0 0.0 0.0466666666667 0.0 0.0133333333333 0.0 0.0 0.0266666666667 0.0 0.0 0.0 0.0 0.0 0.0633333333333 0.0 0.0 0.0 0.372333333333 0.095 0.014 0.14 0.03 0.00366666666667 15.1876666667 493.0 9113.66666667 1.0	
0.005 0.005 0.035 0.0 0.025 0.0 0.0 0.005 0.015 0.065 0.025 0.0 0.0 0.025 0.0 0.0 0.005 0.035 0.005 0.0 0.005 0.0 0.0 0.0 0.0 0.0 0.0 0.0 0.0 0.0 0.0 0.0 0.035 0.0 0.0 0.065 0.0 0.0 0.0 0.005 0.23 0.0 0.0 0.015 0.0 0.4 0.005 0.035 0.036 0.1615 0.075 0.012 0.056 0.012 3.0295 43.5 5648.5 0.0	
0.269375 0.17125 1.0825 0.011875 0.97 0.064375 0.134375 0.12 0.464375 1.013125 0.050625 0.241875 0.048125 0.0 0.203125 0.185 0.04625 0.16 0.88625 0.571875 0.985 0.0 0.1475 0.08 0.20875 0.0 0.09125 0.03 0.0 0.03625 0.0 0.0 0.0 0.02375 0.0 0.0 0.054375 0.0 0.0 0.073125 0.0 0.0 0.0 0.0 0.0 0.0 0.0 0.0 0.0 0.01825 0.0 0.655125 0.1771875 0.0031875 426.510375 1302.6875 1449.0625 0.9375	
0.150144927536 0.181739130435 0.442536231884 0.155217391304 0.35615942029 0.220760869565 0.119420289855 0.173768115942 0.412536231884 0.491702898551 0.130615942029 0.626123188406 0.144673913043 0.112065217391 0.327210144928 0.299347826087 0.133985507246 0.446413043478 1.56420289855 0.342246376812 1.11170289855 0.672644927536 0.266485507246 0.183369565217 0.287934782609 0.110434782609 0.0197101449275 0.0144565217391 0.00442028985507 0.0150724637681 0.0159057971014 0.00101449275362 0.0711594202899 0.00217391304348 0.0774637681159 0.0303985507246 0.106992753623 0.00307971014493 0.0177173913043 0.0288768115942 0.00590579710145 0.0194202898551 0.0254710144928 0.0116304347826 0.0409420289855 0.0371014492754 0.00659420289855 0.0223550724638 0.0368333333333 0.11990942029 0.0318079710145 0.366880434783 0.166300724638 0.0887753623188 9.00604710145 234.014492754 1165.12318841 0.753623188406	
0.134571428571 0.147414285714 0.353857142857 0.249171428571 0.360314285714 0.126514285714 0.161357142857 0.151014285714 0.205742857143 0.321957142857 0.0989428571429 0.634042857143 0.113171428571 0.0660285714286 0.0633428571429 0.275742857143 0.275757142857 0.1855 1.6479 0.155628571429 1.02572857143 0.389357142857 0.153442857143 0.137 0.591485714286 0.167042857143 0.0519428571429 0.0340285714286 0.0229 0.0311857142857 0.0296 0.00867142857143 0.0649142857143 0.00941428571429 0.0397857142857 0.0577285714286 0.146757142857 0.0151142857143 0.0284 0.0565142857143 0.0312 0.0588857142857 0.0233285714286 0.0194 0.0886857142857 0.145728571429 0.00984285714286 0.0232857142857 0.12119 0.149747142857 0.0159842857143 0.371237142857 0.132367142857 0.0796214285714 7.04981 82.0014285714 484.767142857 0.595714285714	
0.237454545455 0.208545454545 0.307090909091 0.00527272727273 0.246727272727 0.0872727272727 0.0312727272727 0.152363636364 0.316181818182 0.405454545455 0.160181818182 0.549636363636 0.274909090909 0.481454545455 0.11 0.259636363636 0.27 0.164 1.88927272727 0.0527272727273 0.843818181818 0.111636363636 0.315818181818 0.280545454545 0.356363636364 0.0903636363636 0.00272727272727 0.00181818181818 0.00309090909091 0.0143636363636 0.00654545454545 0.0 0.137090909091 0.0 0.00963636363636 0.0643636363636 0.158363636364 0.00490909090909 0.0125454545455 0.0372727272727 0.0190909090909 0.00418181818182 0.0118181818182 0.016 0.0452727272727 0.0827272727273 0.00218181818182 0.0332727272727 0.0394363636364 0.113036363636 0.0167090909091 0.2758 0.303490909091 0.0796909090909 6.84123636364 287.527272727 2168.89090909 0.672727272727	
0.323913043478 0.155217391304 0.293695652174 0.0936956521739 0.0758695652174 0.112826086957 0.0208695652174 0.145652173913 0.235217391304 0.416739130435 0.15347826087 0.663260869565 0.357173913043 0.691086956522 0.0271739130435 0.164782608696 0.287391304348 0.12347826087 1.97282608696 0.0486956521739 0.911086956522 0.0341304347826 0.470434782609 0.305217391304 0.0971739130435 0.0617391304348 0.00521739130435 0.00152173913043 0.00217391304348 0.00391304347826 0.0 0.0 0.314565217391 0.0 0.0 0.0276086956522 0.180217391304 0.00152173913043 0.00673913043478 0.0173913043478 0.0152173913043 0.00782608695652 0.0045652173913 0.015652173913 0.0447826086957 0.040652173913 0.00978260869565 0.0497826086957 0.0283260869565 0.112847826087 0.00447826086957 0.260086956522 0.345673913043 0.0920434782609 5.568 191.043478261 3245.10869565 0.782608695652	
90470170.1812	
