0.0925659713496 0.21796933903 0.257647650163 0.0522945463684 0.309952249309 0.0848781100779 0.117059562704 0.0965770294044 0.0506182457904 0.206866046745 0.0503543603921 0.526272932898 0.083118874089 0.0383538577532 0.0248906760493 0.244639356622 0.133360140739 0.170771550641 1.6749107816 0.0621864790148 0.768635335511 0.0812239256094 0.0818874088967 0.0769514953506 0.568436793164 0.288964563961 0.88430258859 0.142490575521 0.113553656698 0.1163156572 0.0728650414677 0.0541869816537 0.0974440814275 0.0548102538326 0.115111837145 0.106282985675 0.138763508419 0.0143151545614 0.0882709223423 0.0702488062327 0.0476124654436 0.146235234984 0.050251319427 0.0896531791908 0.341422467957 0.200341794421 0.00555415933652 0.0333526011561 0.0348818798693 0.137765267655 0.0162988187987 0.242630811762 0.0567376225182 0.0393063583815 3.01641668761 23.7866298065 120.126413672 0.346066850968	
0.19 0.0 0.38 0.0 0.0 0.19 0.0 0.0 0.0 0.0 0.19 0.19 0.0 0.0 0.0 0.38 0.0 0.19 1.14 0.0 0.38 0.0 0.0 0.0 0.0 0.0 0.0 0.0 0.0 0.0 0.0 0.0 0.0 0.0 0.0 0.0 0.0 0.0 0.0 0.0 0.0 0.0 0.0 0.0 0.0 0.0 0.0 0.0 0.01 0.01 0.0 0.0 0.0 0.003 2.383 21.0 15841.0 1.0	
0.0 0.0 0.0 0.04 0.0 0.0 0.0 0.0 0.0 0.0 0.0 0.0 0.0 0.0 0.0 0.02 0.0 0.0 0.02 0.0 0.0 0.0 0.0 0.0 0.0 0.0 0.0 0.0 0.0 0.0 0.0 0.0 0.0 0.0 0.0 0.0 0.0 0.0 0.0 0.0 0.0 0.0 0.0 0.0 0.0 0.0 0.0 0.0 1.024 9.752 0.003 1.542 1.785 1.998 239.571 9989.0 10062.0 1.0	
0.0966666666667 0.0133333333333 0.2 0.0 0.153333333333 0.133333333333 0.0 0.0966666666667 0.0966666666667 0.313333333333 0.06 0.0733333333333 0.12 0.0 0.0633333333333 0.0133333333333 0.13 0.0633333333333 0.626666666667 0.0133333333333 0.276666666667 3.17666666667 0.23 0.183333333333 0.0 0.0 0.0 0.0 0.0 0.0 0.0 0.0 0.0 0.0466666666667 0.0 0.0133333333333 0.0 0.0 0.0266666666667 0.0 0.0 0.0 0.0 0.0 0.0633333333333 0.0 0.0 0.0 0.372333333333 0.095 0.014 0.14 0.03 0.00366666666667 15.1876666667 493.0 9113.66666667 1.0	
0.005 0.005 0.035 0.0 0.025 0.0 0.0 0.005 0.015 0.065 0.025 0.0 0.0 0.025 0.0 0.0 0.005 0.035 0.005 0.0 0.005 0.0 0.0 0.0 0.0 0.0 0.0 0.0 0.0 0.0 0.0 0.0 0.035 0.0 0.0 0.065 0.0 0.0 0.0 0.005 0.23 0.0 0.0 0.015 0.0 0.4 0.005 0.035 0.036 0.1615 0.075 0.012 0.056 0.012 3.0295 43.5 5648.5 0.0	
0.276428571429 0.164285714286 1.20571428571 0.0135714285714 0.855714285714 0.0421428571429 0.0907142857143 0.0742857142857 0.499285714286 0.746428571429 0.0578571428571 0.150714285714 0.0235714285714 0.0 0.0742857142857 0.148571428571 0.0528571428571 0.12 0.537857142857 0.653571428571 0.650714285714 0.0 0.105714285714 0.0285714285714 0.238571428571 0.0 0.104285714286 0.0342857142857 0.0 0.0414285714286 0.0 0.0 0.0 0.0271428571429 0.0 0.0 0.0621428571429 0.0 0.0 0.0207142857143 0.0 0.0 0.0 0.0 0.0 0.0 0.0 0.0 0.0 0.0208571428571 0.0 0.6665 0.180642857143 0.00364285714286 475.058285714 1340.5 1408.42857143 0.928571428571	
0.197 0.176166666667 0.2855 0.00616666666667 0.267666666667 0.0831666666667 0.0413333333333 0.184333333333 0.260666666667 0.3455 0.127833333333 0.540333333333 0.2145 0.282833333333 0.0445 0.2755 0.2645 0.142 1.7475 0.0983333333333 0.841166666667 0.5485 0.2325 0.252333333333 0.3455 0.088 0.00433333333333 0.0025 0.00283333333333 0.017 0.006 0.0 0.1435 0.00216666666667 0.00766666666667 0.0865 0.180833333333 0.0085 0.0145 0.0203333333333 0.0175 0.00383333333333 0.0075 0.0173333333333 0.043 0.0856666666667 0.003 0.0388333333333 0.03925 0.11775 0.03035 0.232983333333 0.228183333333 0.1058 6.2445 134.3 1934.36666667 0.616666666667	
0.158075313808 0.184142259414 0.442447698745 0.183891213389 0.341569037657 0.188744769874 0.112656903766 0.161317991632 0.35769874477 0.444267782427 0.115836820084 0.675711297071 0.134644351464 0.119748953975 0.240418410042 0.296694560669 0.188828451883 0.310815899582 1.53271966527 0.267824267782 1.13384937238 0.398430962343 0.196234309623 0.187866108787 0.494811715481 0.129037656904 0.0203765690377 0.01410041841 0.00629707112971 0.0180334728033 0.0159832635983 0.00179916317992 0.0761087866109 0.00282426778243 0.0551464435146 0.03910041841 0.118619246862 0.00663179916318 0.0192259414226 0.0301882845188 0.0193514644351 0.0552928870293 0.0234518828452 0.0121338912134 0.0458158995816 0.0465690376569 0.00483263598326 0.019309623431 0.0677133891213 0.140658995816 0.0226987447699 0.47789958159 0.171144351464 0.0694958158996 8.28142259414 178.732217573 914.242677824 0.688284518828	
0.377058823529 0.281176470588 0.375294117647 0.0 0.483529411765 0.111764705882 0.0664705882353 0.264117647059 0.501764705882 0.964705882353 0.219411764706 0.591764705882 0.463529411765 0.651764705882 0.443529411765 0.181176470588 0.33 0.348823529412 2.73764705882 0.0558823529412 1.44470588235 0.0 0.640588235294 0.488823529412 0.0 0.0 0.0 0.0 0.0 0.0 0.0 0.0 0.0 0.0 0.00882352941176 0.0188235294118 0.0 0.0 0.01 0.129411764706 0.0 0.0 0.0164705882353 0.0 0.05 0.00823529411765 0.0 0.0 0.0125294117647 0.0708235294118 0.0 0.436882352941 0.423 0.0742941176471 21.5652352941 818.411764706 2309.11764706 1.0	
0.316956521739 0.15347826087 0.286739130435 0.0965217391304 0.0695652173913 0.11347826087 0.0208695652174 0.134347826087 0.228913043478 0.37847826087 0.149782608696 0.659565217391 0.34 0.691086956522 0.0215217391304 0.164782608696 0.272173913043 0.11652173913 1.91826086957 0.0486956521739 0.868913043478 0.0341304347826 0.457173913043 0.29 0.127608695652 0.0930434782609 0.00586956521739 0.00152173913043 0.00217391304348 0.00391304347826 0.0 0.0 0.31652173913 0.0 0.0 0.0265217391304 0.207826086957 0.00217391304348 0.005 0.0136956521739 0.0152173913043 0.00782608695652 0.0045652173913 0.0169565217391 0.0410869565217 0.040652173913 0.00978260869565 0.0497826086957 0.0332391304348 0.116195652174 0.00841304347826 0.248 0.344369565217 0.0918043478261 5.20973913043 166.347826087 3235.80434783 0.760869565217	
149094208.109	
